1 < 2   9   4   8 > 6   7   3   5
    ^                   v        
3   5   6 < 7   2   9   1 < 4   8
        v                   ^    
8   6 > 5   2   3   1   9   7   4
                ^                
6   9   8   3 < 7   5 > 4   1   2
v                               ^
4 > 1   7   6   5   2   3   8 < 9
            ^           v        
9   7   4 < 8   6   3   2   5   1
                    ^            
7   4   2   1   9 > 8   5 < 6   3
    v                            
2 < 3   1   5   4   7   8   9 > 6
^               v                
5   8   3   9   1   4   6   2   7