1   8   7   2   4   5 > 3   6   9
        v                        
5 < 6   2   7   9   1 < 8   3   4
v   v                   v       v
2   4   8   5 > 3   6   7   9   1
                                 
9   2 < 4   8   7   3   1   5   6
        ^                   ^    
6   7   5   3 > 1   9   4   8   2
        ^                        
8   9   6   4   2   7 > 5   1   3
        v       ^                
4   3   1   6   5 < 8   9   2   7
        ^                        
3   5   9 > 1   6   4   2   7 < 8
                            v    
7   1 < 3   9 > 8   2   6   4   5